172
2 28 35
2 93 97
2 190 196
2 197 252
2 286 333
2 369 420
2 423 441
2 12 33
2 47 165
2 300 326
2 482 1
2 14 21
2 256 279
2 299 306
2 315 322
2 330 421
2 454 7
2 17 86
2 154 189
2 212 334
2 352 358
2 414 492
2 11 64
2 72 73
2 120 141
2 156 158
2 170 182
2 213 266
2 301 319
2 337 410
2 443 462
2 484 495
2 0 38
2 48 52
2 108 111
2 113 155
2 166 210
2 221 234
2 261 264
2 298 310
2 329 350
2 371 376
2 434 448
2 451 452
2 463 475
2 486 5
2 15 19
2 20 34
2 60 61
2 147 175
2 181 187
2 193 199
2 208 219
2 231 236
2 240 249
2 258 271
2 273 277
2 288 292
2 311 320
2 324 356
2 360 367
2 385 387
2 396 405
2 409 419
2 430 433
3 439 445 455
3 473 498 499
3 3 6 8
3 10 13 18
3 23 24 31
3 55 65 71
3 89 90 91
3 99 105 117
3 121 123 139
3 149 159 162
3 163 177 180
3 188 192 201
3 203 214 218
3 225 230 235
3 242 263 268
3 276 278 283
3 294 302 328
3 336 345 348
3 351 353 362
3 364 375 384
3 388 391 392
3 394 397 399
3 400 403 407
3 412 422 424
3 427 429 431
3 437 438 442
3 444 447 449
3 459 467 472
3 474 497 16
3 22 25 26
3 27 29 32
3 36 40 41
3 44 45 46
3 50 54 56
3 59 66 69
3 70 76 78
3 79 80 81
3 92 95 100
3 101 104 106
3 107 109 112
3 114 115 116
3 119 124 128
3 129 132 136
3 138 144 148
3 151 152 153
3 160 164 172
3 174 185 186
3 195 198 200
3 204 207 217
3 226 233 237
3 244 245 247
3 251 254 259
3 267 269 274
3 280 282 284
3 285 289 295
3 304 307 325
3 332 339 341
3 347 359 361
3 363 365 372
3 373 377 378
4 379 390 395 401
4 411 425 432 446
4 450 453 460 461
4 468 490 494 2
4 4 9 30 37
4 39 42 43 49
4 51 53 57 58
4 62 63 67 68
4 74 75 77 82
4 83 84 85 87
4 88 94 96 98
4 102 103 110 118
4 122 125 126 127
4 130 131 133 134
4 135 137 140 142
4 143 145 146 150
4 157 161 167 168
4 169 171 173 176
4 178 179 183 184
4 191 194 202 205
4 206 209 211 215
4 216 220 222 223
4 224 227 228 229
4 232 238 239 241
4 243 246 248 250
4 253 255 257 260
4 262 265 270 272
4 275 281 287 290
4 291 293 296 297
4 303 305 308 309
4 312 313 314 316
4 317 318 321 323
4 327 331 335 338
4 340 342 343 344
4 346 349 354 355
4 357 366 368 370
4 374 380 381 382
4 383 386 389 393
4 398 402 404 406
4 408 413 415 416
4 417 418 426 428
4 435 436 440 456
4 457 458 464 465
4 466 469 470 471
4 476 477 478 479
4 480 481 483 485
4 487 488 489 491