1628
4 5357 5121 8148 6404
4 421 2589 5913 5583
4 6255 9906 8785 3629
4 6584 7710 1737 3987
4 7529 5231 2094 4386
4 5796 9487 6735 8197
4 1756 2584 8754 998
4 2395 6655 2861 6312
4 59 7923 7569 7704
4 5515 9612 6632 7444
4 8873 7262 8452 2489
4 7796 5905 398 8407
4 820 1729 604 6459
4 9004 1248 7549 7064
4 4848 5886 8603 8733
4 8189 8437 9354 9529
4 6839 9213 1524 4449
4 4318 4574 5744 9483
4 4100 6823 3904 4233
4 3626 7108 8479 5416
4 9620 1287 2545 6476
4 9383 4004 3697 1396
4 9131 5427 4041 370
4 973 2061 847 3015
4 2155 4644 4863 9247
4 7792 6668 3135 4631
4 2222 1492 9618 2752
4 5363 7168 2687 2843
4 5570 44 453 2117
4 8284 1561 7100 461
4 3505 8775 9765 1423
4 3295 4036 2932 8287
4 1385 6640 8004 8854
4 3273 5616 8591 3715
4 2345 2096 5918 6639
4 9813 674 3420 1556
4 5090 7936 666 2331
4 2935 4695 5251 2598
4 3825 6762 1677 9959
4 1081 1114 4147 6756
4 5001 5592 8384 8689
4 8119 1388 6196 7525
4 9818 864 5989 683
4 948 4106 6613 3942
4 5526 9888 8911 8320
4 4194 4473 5083 5211
4 9128 3149 5052 7369
4 8585 936 2459 2819
4 7515 8777 132 2968
4 4670 7819 2246 3484
4 7577 962 876 7863
4 8240 8814 2723 7939
4 7368 752 8837 9256
4 3457 8991 110 8392
4 3176 7208 7290 7950
4 371 2196 2728 7101
4 684 8636 281 2212
4 4808 8641 9267 5791
4 63 2499 6240 5602
4 9614 714 2475 3656
4 4090 7259 1101 2064
4 9019 4916 5651 9894
4 1013 3678 7834 839
4 1491 2548 3024 3765
4 5048 7945 6170 7198
4 4405 4961 1004 1071
4 1115 5945 9965 4685
4 7937 1233 2124 3302
4 4579 3272 3795 8152
4 9986 5042 384 2141
4 3647 6677 7104 9295
4 1734 2008 2070 7927
4 4702 5101 6782 7135
4 854 5773 6495 1707
4 2115 4430 8058 336
4 1164 1214 2080 4957
4 5046 7201 7540 443
4 2558 2922 4788 4917
4 5214 7409 8639 1341
4 7896 8063 3499 5653
4 7825 49 976 6702
4 7202 7961 1146 1830
4 4886 4964 6381 9307
4 3463 4509 6176 7313
4 9568 818 82 4983
4 3792 5295 6107 8612
4 3047 5772 7595 7757
4 3607 3940 4135 4874
4 5982 2727 3096 2228
4 2274 5713 8338 9305
4 2964 3896 6252 636
4 1353 3228 3566 1210
4 3309 4322 7136 8485
4 8608 887 5310 7305
4 1851 3293 4240 6168
4 7543 71 4406 4925
4 6550 7516 8322 9433
4 1988 1203 6935 8745
4 9129 7551 9866 1671
4 4940 1955 5625 7145
4 9795 7 1812 4185
4 9527 8116 3437 4141
4 5383 47 4131 5219
4 7579 594 1322 1450
4 2456 3114 7326 8465
4 8851 9552 4167 2259
4 4235 4637 7359 9
4 3042 3142 766 1094
4 1713 7231 1742 4655
4 5006 5652 1934 3686
4 7583 9539 9690 532
4 2686 5873 2962 4074
4 4561 5494 7715 9525
4 3844 4657 8803 9263
4 727 2481 3072 8553
4 723 1050 1895 4847
4 7083 4112 4475 6129
4 6957 2759 3357 4102
4 7447 8250 8387 9235
4 9532 9917 62 2982
4 4374 7088 2293 2736
4 7196 8736 1946 3519
4 8332 954 3196 213
4 7032 7308 7648 8375
4 859 4320 8010 9196
4 9946 1591 2045 5163
4 6547 9063 1418 1724
4 2726 4076 5777 6882
4 2060 2342 3337 4619
4 5904 6611 7725 8193
4 8767 850 1568 2652
4 3689 6178 9106 992
4 2340 4402 5172 9119
4 2544 3155 8644 1433
4 4490 4638 4912 4995
4 9966 1621 2642 3170
4 3672 6558 9747 586
4 2085 2749 3648 3775
4 120 201 3757 5729
4 8626 9344 9576 3542
4 3781 5686 6038 6534
4 6913 7451 7494 7851
4 8601 2828 3257 4139
4 7643 6571 8478 774
4 4550 5931 6567 7148
4 8138 8397 2628 3889
4 5156 7464 7545 7814
4 403 1763 2323 3593
4 8186 9542 328 676
4 2862 2870 4150 4244
4 6134 9302 2795 3112
4 3376 3475 4058 6537
4 7862 18 2300 2308
4 8997 9151 9275 9713
4 58 4959 6467 6927
4 7079 8187 8865 9559
4 1383 2036 2213 2814
4 4390 5081 4044 5366
4 7316 8233 8242 8267
4 9900 3451 3708 3840
4 3869 8115 4480 8259
4 1711 5609 6147 6171
4 7166 7445 7703 8506
4 9528 446 778 2123
4 3842 5845 7673 8616
4 8849 1160 2305 8079
4 9243 9320 9873 11
4 1049 1839 1936 2160
4 2267 3526 3583 5540
4 8094 245 654 1136
4 2243 2313 3126 4837
4 5096 8101 8430 333
4 1552 2023 6050 6123
4 6359 8167 9605 1509
4 3913 5359 7267 7944
4 9514 2985 3950 4284
4 5136 5324 7726 8509
4 9921 687 2944 4551
4 5854 7385 7953 8036
4 8286 9374 373 2282
4 2920 4902 6300 6580
4 6777 7008 706 1767
4 2535 3106 3745 4498
4 5209 6842 7522 8367
4 9784 1231 1845 3618
4 3632 3899 6481 7466
4 9289 65 1427 2674
4 2817 3253 7922 9340
4 2203 5665 6060 8348
4 9856 177 2718 4690
4 5600 6985 6989 7026
4 8701 9283 9722 463
4 7700 9732 9942 593
4 2994 3002 5622 7756
4 8026 1359 3083 4151
4 4965 5919 7920 8346
4 8563 9111 780 1096
4 1996 2572 2941 4516
4 6582 6638 7050 8047
4 8697 8721 9691 1357
4 1817 3229 6313 7212
4 8834 9649 2619 6329
4 8253 9252 745 1085
4 2364 9778 522 1336
4 1372 2571 3485 4137
4 4951 5962 7209 9366
4 103 717 2009 2802
4 3356 4582 6316 6363
4 8839 9443 9779 251
4 565 709 1861 2112
4 4351 4352 6477 6602
4 8477 9751 67 2647
4 3368 6426 2351 5891
4 5909 8811 2905 3443
4 6994 7119 8199 9123
4 9154 9365 6 257
4 645 1340 3089 4259
4 5793 7629 9124 171
4 214 1976 2536 5492
4 7671 7981 8614 8751
4 332 1202 1510 1787
4 2095 3379 4884 6415
4 7330 9325 9585 1344
4 1701 2162 3496 4134
4 4293 4357 4477 7489
4 7911 8947 9546 9629
4 9806 60 3062 3214
4 3308 5239 5593 188
4 1001 1820 2957 4557
4 4867 5544 6666 8163
4 8200 8501 8923 9363
4 9968 750 877 1717
4 5149 5330 6914 8529
4 8835 9511 9930 9974
4 1740 1975 4222 5236
4 5244 5518 5733 6956
4 7934 8003 8779 1505
4 4711 5332 5991 6297
4 6342 7057 7391 321
4 1351 1564 1800 2776
4 4727 4977 7613 8651
4 8658 9545 296 924
4 1364 1883 2575 3730
4 7677 9166 3750 4331
4 4696 6188 7415 7439
4 8040 8431 1249 1965
4 2245 3120 4572 5529
4 5758 5970 7153 7344
4 9962 791 1522 1747
4 7210 7647 8915 8990
4 9419 9426 2509 3579
4 4161 4415 4717 5028
4 5131 5808 7699 8168
4 8449 9550 1743 3473
4 5488 5683 5835 6738
4 7972 8056 8579 96
4 767 1061 1714 2043
4 2265 2573 3655 5074
4 5728 6042 6616 7824
4 8418 9271 9341 9397
4 55 301 902 1673
4 3087 6273 6419 6627
4 7250 8866 9569 264
4 631 1200 1523 2952
4 3830 3845 5720 6144
4 8470 8548 8607 197
4 385 773 797 1178
4 1636 1889 3223 3834
4 4870 6742 7524 8625
4 9566 9626 9853 1508
4 2089 2809 3167 3306
4 5155 5553 6226 6309
4 6410 8487 8702 9572
4 9797 407 2055 3137
4 3978 4367 4960 6336
4 6377 8132 8659 9048
4 1476 1810 3905 4600
4 5375 5864 6192 7155
4 7436 7567 7748 8183
4 9250 730 1948 2612
4 3557 3673 4649 5610
4 278 1228 1998 2486
4 3271 3791 3870 4079
4 4524 6384 8671 9718
4 875 4043 4200 4861
4 6058 6769 9689 9952
4 283 2353 3001 5308
4 6028 6198 6747 8707
4 8940 9265 9746 9843
4 3 1429 1912 3857
4 3944 5476 7253 9871
4 85 1483 2912 5170
4 6010 6662 7302 8172
4 9078 432 1140 2000
4 3367 3997 7412 7443
4 8204 8297 8677 9507
4 263 836 884 915
4 1040 1587 1853 3278
4 4179 4527 4532 4706
4 6578 7118 7880 8453
4 9755 1720 2927 3028
4 4469 4607 5203 5207
4 6012 6146 6483 6981
4 7095 7103 8442 8683
4 513 995 3022 3728
4 3885 5803 5849 6110
4 6320 7696 7978 8670
4 9695 464 634 1224
4 1378 1821 2585 3508
4 6757 7319 7617 7618
4 8964 1037 1253 2877
4 3518 4474 4565 4617
4 4883 6370 7296 7603
4 8722 8929 1073 1681
4 1708 3037 3561 3736
4 3877 4307 5174 5197
4 6444 6498 7861 8750
4 8932 9908 1117 1526
4 1542 1684 1923 2939
4 3248 3362 3375 4786
4 4871 5785 7759 8692
4 8895 9359 9464 137
4 559 1116 1152 1154
4 1484 2627 2937 4038
4 4439 5902 7536 8524
4 9599 520 1571 2488
4 3892 4361 7870 8328
4 3511 4292 4521 5278
4 5462 6296 6367 8874
4 8956 9880 2592 2798
4 3853 4975 5823 7678
4 7823 8466 8637 9197
4 916 1261 1833 3055
4 3107 3544 5341 5547
4 5839 6231 6656 7041
4 7178 9769 9849 17
4 56 172 174 970
4 1361 1712 2566 2600
4 4668 4946 5705 5941
4 6220 6577 6605 6965
4 7463 8527 9425 9907
4 9961 1726 2185 5378
4 5441 5998 6938 7255
4 9984 529 760 846
4 2368 5503 5548 6389
4 7130 7215 7238 10
4 145 3050 3769 4604
4 5250 6715 7363 8516
4 9014 9350 297 451
4 688 738 844 1234
4 1430 1570 1765 2106
4 3516 3746 3969 4663
4 4731 5151 5446 5563
4 6856 7740 8363 8931
4 9092 208 525 923
4 1122 1601 2716 3134
4 5271 5649 6583 6752
4 8714 9168 556 912
4 1197 1487 1827 2165
4 2766 5118 5325 5579
4 6205 6266 6364 6526
4 6540 7218 7624 7778
4 9597 9741 9895 139
4 164 926 1963 2407
4 3104 3540 4093 6133
4 7149 8239 9121 9161
4 117 2007 2221 2295
4 2649 3258 4491 4990
4 6396 7518 7558 8081
4 8673 8833 9182 9214
4 9450 1589 1648 2484
4 4230 5007 5013 5017
4 5948 8059 8161 211
4 2804 3674 4627 5574
4 5627 5899 6052 6451
4 7499 7839 8044 8650
4 8824 9246 9390 9594
4 480 628 2309 2879
4 3691 4126 5056 5875
4 6149 7152 7346 7692
4 8198 8293 87 642
4 1010 2127 2555 2848
4 6680 7204 7983 8617
4 9135 1015 1825 2590
4 2836 3029 3276 3932
4 6102 6623 6721 7318
4 8247 9490 9719 656
4 2125 2811 3608 3828
4 5879 6157 6215 6645
4 7151 7278 7752 8305
4 8609 8653 9588 178
4 289 597 900 1735
4 1847 1866 1876 2872
4 3973 4555 6036 6731
4 7954 8606 9414 9471
4 9580 9776 28 206
4 1620 1943 2516 3239
4 3480 3677 3692 4650
4 4859 5487 5513 6193
4 6256 9286 931 1159
4 1464 1856 2538 4671
4 5824 7375 8652 9852
4 590 1056 1311 1393
4 2226 4170 5815 6350
4 6685 6703 8134 8578
4 9382 9499 1632 1819
4 2697 3527 3808 3891
4 4522 4573 6531 9276
4 834 1129 1205 2999
4 3092 3132 4496 4792
4 5058 5061 5559 5981
4 6111 6152 7764 7888
4 8258 8434 124 151
4 307 1260 1877 1994
4 2732 4054 6206 6443
4 6741 6984 8468 8537
4 53 1718 1874 3895
4 4933 5094 6053 7105
4 7475 7875 8342 8684
4 9238 9407 9637 142
4 236 290 589 1562
4 1642 1888 2190 2705
4 3573 4725 4997 6228
4 7542 7734 8967 9241
4 9799 2091 2428 3980
4 4055 4611 4814 4857
4 6306 7413 7512 7777
4 9165 9675 9748 1704
4 1884 4442 4661 4865
4 5371 5418 7610 7884
4 9326 9714 9730 253
4 2490 3297 4091 4592
4 4636 4692 4774 5710
4 6628 6651 6676 6932
4 7219 7361 7993 8032
4 8035 8907 9530 9602
4 9761 9864 540 1445
4 2020 2241 2765 4703
4 4875 4989 5644 6155
4 6849 7286 7406 7659
4 9376 362 648 735
4 1282 1837 2854 3558
4 3912 3924 4066 4363
4 4381 4716 5044 5235
4 5517 5794 6557 1440
4 2254 2565 2887 3654
4 3802 3839 3945 4187
4 4506 4926 5035 6326
4 6827 7090 7526 7662
4 7841 8123 8176 9523
4 9896 9976 898 1023
4 1595 2400 2461 3531
4 3553 4656 4771 4904
4 5020 5671 6365 6733
4 7003 7074 7594 8423
4 9016 534 1598 2806
4 3498 3567 4064 4089
4 4410 5916 6366 6380
4 6794 6976 7382 7733
4 8241 9650 9922 358
4 1339 1406 1467 2006
4 2081 2457 3422 4559
4 4773 5389 5474 5530
4 6289 6673 7037 8333
4 1332 1533 1723 2320
4 4412 5205 5355 6436
4 7356 7374 7432 7683
4 8597 9220 9368 9453
4 147 210 404 960
4 1471 2375 2783 3760
4 3906 4879 5336 5898
4 6076 6800 6988 7914
4 8432 8861 9456 9848
4 9988 33 489 622
4 689 1422 1584 2907
4 4495 6361 6857 8019
4 146 909 1609 3323
4 3718 4375 4478 4720
4 5178 5457 5489 6490
4 6514 6778 7821 8376
4 8715 8889 8938 9468
4 9879 2381 2389 2462
4 3145 3704 4011 4639
4 4766 5086 5551 5633
4 6528 7419 7426 7534
4 7768 7785 7818 7943
4 8153 8648 9043 737
4 1021 2398 2401 2874
4 3244 3582 3617 4452
4 5856 5869 6784 7230
4 7249 7310 7530 8043
4 8150 8894 8898 9192
4 9361 9561 9684 9726
4 396 1529 2260 3595
4 3882 3914 6016 6340
4 7175 7592 8823 8845
4 9072 9703 150 1512
4 1922 1930 2129 3153
4 3299 3352 3559 3983
4 4026 4057 4953 5467
4 5776 5901 6208 6585
4 6870 7917 8299 8954
4 9631 39 198 635
4 835 1952 3371 3966
4 5085 5255 5380 5461
4 5865 5920 6202 7013
4 7990 8325 8425 8679
4 9122 9143 9222 9971
4 1090 1886 2191 3749
4 3985 4202 4467 4823
4 4907 5522 5832 6466
4 6834 7116 7454 7770
4 8712 8746 9429 32
4 359 512 804 947
4 3075 3188 3339 5531
4 5556 5724 6649 7010
4 7596 7956 7966 8238
4 8682 9062 9221 9549
4 9667 9802 711 1507
4 1822 2134 3129 3136
4 3564 4124 4704 5615
4 6724 7480 7689 9091
4 9183 9606 9734 9828
4 45 149 678 1347
4 1761 2277 2924 3011
4 3428 3811 4016 4640
4 4887 5896 5908 6184
4 6421 6700 7220 7221
4 7809 8519 9868 170
4 300 1100 1256 2148
4 2167 2343 2707 3322
4 4208 5756 6243 6574
4 6705 6873 7186 7731
4 7876 7970 8276 9173
4 0 313 849 1382
4 2024 3641 3694 3991
4 4465 4514 5047 5451
4 5566 5584 6160 6264
4 6446 6811 7964 8196
4 8263 8632 9096 471
4 611 2198 2278 2467
4 3020 3121 3724 5164
4 5939 6203 6248 6637
4 8264 8562 9459 9573
4 1047 1908 2495 2672
4 4335 4708 4949 5166
4 5277 5954 6553 6659
4 6681 6903 7984 8027
4 8517 8752 8908 9752
4 9978 1044 1157 1174
4 1199 2983 4659 5657
4 6015 6522 6596 6726
4 6942 7386 7424 7975
4 8133 9299 9583 9891
4 9987 9996 1179 1181
4 1569 2367 2875 3681
4 3818 4215 4340 4992
4 5040 5240 5860 5947
4 6648 7425 8711 8801
4 9068 9210 9328 433
4 541 708 1106 1411
4 1593 2337 3127 3203
4 3226 3412 4511 5362
4 5449 5721 6017 6112
4 7384 7727 9038 9633
4 562 2062 3517 4790
4 5173 5763 5836 6022
4 6719 7509 7521 8143
4 8222 9836 514 825
4 1381 1616 1668 1840
4 2506 2702 3031 3563
4 3894 4286 4419 4456
4 5536 5813 6246 6478
4 7500 8160 8210 9721
4 204 355 2025 2296
4 2601 4052 4206 5157
4 5496 6351 7555 8202
4 8413 8667 8696 8828
4 8863 8864 9486 608
4 889 968 1400 1751
4 1768 2120 3105 4359
4 4958 5730 6492 6713
4 7877 8139 8336 8810
4 70 465 1012 1409
4 1535 2159 2329 2437
2 2954 3330
2 3596 4092
2 4188 4742
2 5198 5872
2 6051 6275
2 6280 6864
2 7751 8006
2 8031 8876
2 8977 9920
2 9935 9995
2 234 240
2 530 919
2 955 1321
2 1843 2033
2 2578 3004
2 3235 3657
2 3809 3972
2 4228 4801
2 4858 4943
2 5368 6263
2 6960 7633
2 8919 9198
2 9269 9418
2 131 270
2 430 431
2 456 1062
2 1640 2746
2 3311 3926
2 4000 5082
2 5606 5751
2 6576 7397
2 7614 7729
2 7924 8089
2 8215 8454
2 9028 9187
2 9519 9600
2 9716 9768
2 97 372
2 500 620
2 978 1330
2 1750 1939
2 2193 2604
2 2661 2762
2 2786 2949
2 3939 4046
2 5208 6008
2 6097 6698
2 6964 7995
2 8137 9201
2 9332 9446
2 9699 9767
2 136 439
2 673 1036
2 1259 1744
2 1980 2072
2 2632 2977
2 3956 4301
2 4534 4796
2 5191 5986
2 6003 6161
2 6761 6890
2 7170 7663
2 8401 8447
2 9086 9431
2 9538 9584
2 9656 885
2 1475 1519
2 1796 2102
2 2514 2694
2 2713 2772
2 3212 3590
2 4221 4798
2 4942 5245
2 5482 6565
2 6824 6835
2 6844 7407
2 7457 7991
2 8180 8822
2 9398 9944
2 24 183
2 956 1318
2 1649 1961
2 2074 2399
2 2595 3280
2 3370 4104
2 6137 6352
2 8252 8326
2 8383 8435
2 8568 9413
2 37 86
2 1279 1694
2 2207 3060
2 3344 3793
2 4238 4387
2 4502 4635
2 4777 5666
2 5732 5752
2 6121 6197
2 6450 6463
2 6809 6887
2 7674 7800
2 7881 7895
2 8037 8859
2 9075 9083
2 9855 457
2 1546 1983
2 2297 2881
2 2891 2953
2 3822 4783
2 4839 5994
2 6302 7461
2 7471 7554
2 7586 9036
2 458 487
2 602 756
2 1538 1755
2 3364 3543
2 4248 4358
2 4400 4595
2 5168 5897
2 6959 6963
2 6972 7320
2 7357 7362
2 7410 7724
2 7812 8314
2 8815 8900
2 9009 335
2 2144 2149
2 2210 2596
2 2608 2903
2 3052 3141
2 3951 4116
2 4399 4434
2 4596 5024
2 6311 6471
2 6915 7094
2 7206 7387
2 8093 8353
2 8766 8930
2 9035 9047
2 9094 9137
2 221 392
2 462 801
2 1371 1536
2 2028 2610
2 2741 2785
2 2956 3021
2 3347 3875
2 4339 4504
2 6332 6353
2 6506 8486
2 9114 9215
2 9564 9578
2 9838 40
2 1161 1678
2 1688 2837
2 2859 2892
2 3651 3789
2 4069 4994
2 5066 5628
2 6127 6448
2 6818 6925
2 7078 7602
2 7850 7889
2 9659 31
2 168 725
2 802 1453
2 2059 2412
2 2469 3887
2 4736 4877
2 4982 5181
2 5233 6148
2 6175 6232
2 8663 9709
2 9820 502
2 739 840
2 842 1009
2 1426 1778
2 2307 2683
2 2685 4097
2 4291 4688
2 5106 5125
2 6229 6328
2 6944 7557
2 7632 7694
2 7859 7959
2 8028 8438
2 8543 8737
2 9394 9651
2 9993 78
2 152 325
2 343 393
2 402 511
2 615 639
2 644 1220
2 1959 2101
2 2169 3012
2 3318 3841
2 4488 4549
2 5128 5817
2 6699 6725
2 7960 8022
2 8426 8576
2 9015 9223
2 9540 9595
2 9678 229
2 613 1043
2 1869 2950
2 4567 4689
2 4787 5558
2 5631 5719
2 5959 6473
2 7395 7742
2 8804 9489
2 34 68
2 793 848
2 2388 4031
2 4099 5190
2 5422 5676
2 5882 6034
2 7423 7803
2 7971 8256
2 8643 8950
2 9227 726
2 953 1080
2 1165 1377
2 1807 1979
2 2242 2472
2 3123 3555
2 3679 3743
2 3903 4826
2 4855 4880
2 6315 6746
2 6952 7314
2 7532 7631
2 7697 7994
2 8097 8903
2 9957 13
2 20 252
2 305 413
2 467 579
2 640 1167
2 1270 1892
2 3515 3698
2 4723 4969
2 5443 5731
2 5850 5881
2 6005 6225
2 6452 7132
2 7430 7581
2 9887 9892
2 76 153
2 477 860
2 1502 1590
2 2002 2137
2 2164 2215
2 2304 2669
2 3396 3509
2 4047 4298
2 4811 5212
2 5951 6357
2 6922 7176
2 7666 8398
2 8571 8629
2 9274 9475
2 57 346
2 740 2929
2 3621 3665
2 4078 4173
2 4267 4451
2 4750 5863
2 5950 6046
2 6095 6189
2 6291 6479
2 6563 6674
2 7496 7826
2 9280 193
2 293 395
2 414 649
2 1369 1549
2 1586 1953
2 2019 2232
2 2358 2432
2 2527 2629
2 2898 3233
2 3246 3581
2 4155 4245
2 4246 4279
2 4554 4679
2 4922 5146
2 5161 5829
2 7036 7713
2 7906 7951
2 8212 9337
2 9524 83
2 937 949
2 1276 1416
2 2799 3146
2 3449 3761
2 3902 4249
2 4662 5026
2 5346 6104
2 6210 6544
2 6740 7024
2 7252 7565
2 7804 8206
2 8456 8821
2 8986 9065
2 9830 554
2 568 868
2 1084 1194
2 1286 1504
2 1650 2531
2 2533 2634
2 2751 2824
2 3161 3261
2 3482 3504
2 3838 4030
2 4311 4314
2 4747 5895
2 6244 7194
2 9157 9234
2 9313 9526
2 16 23
2 444 1516
2 1793 2529
2 2668 3263
2 3431 3748
2 3773 3806
2 4537 4653
2 4856 5200
2 5387 5714
2 6270 6630
2 7197 7236
2 7653 7743
2 7813 8229
2 8498 8675
2 9105 9294
2 9543 982
2 1031 1032
2 1118 1250
2 1514 1527
2 1532 2047
2 2303 3174
2 3332 3911
2 3930 4176
2 4328 4398
2 4501 4767
2 5401 5672
2 6258 6294
2 6664 7018
2 7490 7963
2 8277 8440
2 8965 9333
2 9458 9488
2 9496 9635
2 9692 9810
2 675 1201
2 1296 1452
2 1891 1986
2 2442 3316
2 4001 4578
2 4623 4841
2 4892 4914
2 5237 6245
2 6612 6828
2 6920 7150
2 7559 8201
2 8355 8642
2 8952 9551
2 9680 9958
2 499 1027
2 1606 1618
2 2143 2264
2 2422 2671
2 2712 3125
2 3513 3824
2 3880 4713
2 4935 5059
2 5175 5199
2 5373 5834
2 5980 6430
2 6494 6510
2 6569 6693
2 6744 6822
2 6852 6962
2 8179 8289
2 8654 8727
2 8729 9085
2 9251 9260
2 9711 225
2 365 459
2 858 3099
2 3407 3747
2 4144 4164
2 4447 4605
2 4775 4898
2 5043 5641
2 5769 6093
2 7622 7761
2 8067 8177
2 8918 9002
2 9022 9149
2 9858 30
2 115 2328
2 3147 3570
2 4095 4407
2 5097 5400
2 6604 7237
2 7418 7828
2 7957 8235
2 8593 8808
2 8897 8981
2 9272 9655
2 123 185
2 1058 1806
2 1898 1951
2 2335 2402
2 3274 3547
2 4562 6118
2 6130 6600
2 6846 7600
2 7849 8382
2 8567 9181
2 9611 9624
2 9985 94
2 576 1110
2 1132 1669
2 1865 1978
2 2235 2570
2 2946 3355
2 4156 4482
2 4558 5098
2 5471 5831
2 6002 6126
2 6323 6398
2 6590 6727
2 6766 6851
2 7048 7190
2 7721 8108
2 8472 8756
2 8978 9073
2 1639 2046
2 2205 2220
2 2240 2466
2 4197 4325
2 4546 4694
2 4840 5077
2 5442 6078
2 6090 6472
2 6669 6899
2 6993 7085
2 7127 7247
2 7273 7315
2 7616 7665
2 7868 7899
2 8340 8388
2 8393 8753
2 8806 9771
2 9927 473
2 896 1288
2 1754 1835
2 2333 2582
2 2591 3078
2 3587 3615
2 3883 4489
2 4804 5019
2 5041 5505
2 5812 5944
2 6223 6304
2 6524 6711
2 7329 7634
2 7693 7805
2 8129 8372
2 8572 8734
2 9338 9613
2 9745 9859
2 160 516
2 899 1266
2 1271 1774
2 1848 2105
2 2216 2294
2 2911 3506
2 4564 5323
2 6774 7460
2 8640 22
2 101 143
2 419 1137
2 1192 1212
2 1313 1849
2 2234 2549
2 2730 3265
2 3324 3664
2 3878 3884
2 4172 5140
2 5189 5460
2 5613 5621
2 5702 5800
2 6356 6560
2 6671 6697
2 6739 6990
2 7275 7815
2 8573 9003
2 9013 9603
3 9877 9948 1086
3 1653 2136 2199
3 2237 2754 3038
3 3281 3439 3933
3 4308 4312 4746
3 5276 6803 7121
3 7123 7491 8021
3 8994 8996 9134
3 417 558 753
3 906 1699 2390
3 2453 2781 2793
3 3097 3402 3578
3 3849 4217 4255
3 5134 5171 5268
3 5397 6063 6064
3 6581 7686 7931
3 8773 9029 9261
3 9679 9744 381
3 550 796 1127
3 1170 1461 1480
3 1488 1656 2016
3 2268 2289 2417
3 2852 3782 3873
3 4136 4196 4394
3 4599 4818 4918
3 5234 5426 5523
3 5598 5903 6023
3 6035 6414 6595
3 6636 6831 7510
3 8084 8411 8716
3 9008 9194 9230
3 9844 159 219
3 472 828 1093
3 1172 1624 1783
3 2406 2444 2621
3 2775 2951 3131
3 3381 3491 3817
3 3888 4613 4630
3 4678 5246 5253
3 6096 6132 6261
3 6520 7117 7233
3 7400 7786 8049
3 8166 8316 8464
3 8759 8789 8793
3 9759 9901 133
3 217 279 845
3 893 1404 1627
3 1665 1814 1867
3 1985 2068 2334
3 2731 3262 3300
3 3334 3442 3783
3 3965 4094 4910
3 5736 5770 6227
3 6373 6432 6517
3 6529 6953 7309
3 7684 7788 7903
3 8539 8618 8633
3 8987 218 610
3 1208 1221 1781
3 1801 1836 2065
3 2281 2554 2711
3 2750 2987 3312
3 3401 3584 3721
3 3744 4088 4193
3 4479 4487 4932
3 5313 5391 5398
3 5577 5586 5917
3 5966 5972 6180
3 7501 7925 7969
3 8165 9502 9534
3 9535 9575 401
3 651 669 990
3 1184 1646 1899
3 1904 2722 3445
3 3539 3862 3927
3 4894 5064 5104
3 5132 5370 6417
3 6586 6812 7110
3 7371 7388 7675
3 7898 7980 8665
3 9200 9660 89
3 545 934 1292
3 1638 1716 2184
3 2326 2376 2464
3 2947 3076 3085
3 3124 3216 3411
3 3929 3947 4428
3 4529 4538 4544
3 4981 5481 5594
3 5599 7065 7289
3 7502 7672 7695
3 8638 8694 9754
3 9770 9846 9882
3 9941 144 163
3 249 292 757
3 771 827 977
3 1130 1299 1683
3 1928 1935 2087
3 2173 2560 3017
3 3424 3521 3807
3 4628 4669 5345
3 5511 6259 6405
3 6770 7043 7664
3 7902 7907 8015
3 8268 8525 8584
3 8842 8934 9156
3 9209 9356 207
3 304 894 930
3 1120 1138 1469
3 1870 2022 2050
3 2057 2463 2480
3 2567 2835 2990
3 3115 3580 4163
3 4833 5122 6068
3 6307 6409 6497
3 6805 6958 6973
3 7096 7177 7608
3 7744 8732 9089
3 9140 9670 157
3 199 241 288
3 316 618 691
3 1209 1331 2011
3 3313 3610 3941
3 4149 4553 4646
3 4842 4882 5429
3 5804 6331 7014
3 7134 7223 7274
3 7553 7962 8273
3 8709 8776 8853
3 9785 9860 287
3 356 643 728
3 865 2179 2227
3 2564 3178 3186
3 3353 3541 3893
3 4337 4392 4948
3 5192 5514 5725
3 6301 6425 6541
3 6897 7163 7216
3 7544 7640 7642
3 7878 8068 8298
3 8409 8502 8886
3 9152 9179 9225
3 9491 108 616
3 819 862 1227
3 1277 1574 1652
3 1841 1958 1971
3 2288 2418 2805
3 3006 3753 4226
3 4355 4468 4714
3 4789 5060 5182
3 5206 5254 5329
3 5550 5578 5663
3 5718 6213 6387
3 6513 6904 7019
3 7229 7298 7546
3 7795 8534 8645
3 8870 9100 9367
3 9406 9647 9710
3 9863 186 425
3 733 784 867
3 1495 1809 2163
3 2239 2563 2841
3 3425 3438 3536
3 3798 4143 4508
3 4598 4634 5424
3 5534 5612 5658
3 5741 5825 5848
3 5952 6087 6629
3 6796 6814 7087
3 7948 8141 8310
3 8740 8941 9172
3 9232 9329 9553
3 9617 9870 9885
3 226 347 348
3 378 769 800
3 1376 1479 1563
3 1615 1661 1700
3 2201 2318 2344
3 2435 2577 2689
3 3208 3209 3712
3 3812 4693 4791
3 5510 5573 5611
3 5771 5958 6484
3 6620 7091 7349
3 7556 8564 9158
3 9423 9570 9582
3 9590 128 189
3 383 719 789
3 1099 1403 1685
3 2152 3917 4290
3 4403 4518 4726
3 4906 4986 6125
3 6253 6748 7333
3 7365 7434 7441
3 7799 8103 8309
3 8321 8771 9314
3 9346 9555 9862
3 9876 349 415
3 441 633 958
3 1131 1196 1235
3 1494 1788 1909
3 1949 2012 2451
3 2470 2586 3213
3 4211 4709 4939
3 5183 5294 5316
3 5409 6692 6701
3 6917 7060 7140
3 7459 7541 7580
3 7758 7835 7946
3 8064 8086 8347
3 8493 9205 9819
3 9954 203 291
3 361 703 831
3 863 1119 1180
3 1188 1230 1284
3 1679 1799 1868
3 1993 2356 2382
3 2550 2878 3327
3 3784 3859 3860
3 3949 4996 5148
3 5343 5379 6279
3 6456 6457 8080
3 8282 8379 8686
3 8960 9323 9737
3 4 280 388
3 405 509 693
3 782 935 1105
3 1323 1335 1611
3 1732 1818 2035
3 2384 2483 2498
3 3247 3821 4621
3 5410 5694 5779
3 6843 7479 7507
3 7669 7807 7965
3 8406 8412 8726
3 8875 9372 9999
3 200 227 258
3 268 922 1046
3 1074 1111 1133
3 1135 2324 2378
3 2579 2789 3394
3 3787 4254 4330
3 4344 4632 4633
3 4664 4675 4734
3 4950 5051 5699
3 5833 6085 6233
3 6407 7251 7307
3 7753 8410 8784
3 8955 8970 8985
3 9102 9663 9807
3 318 376 662
3 811 983 1029
3 1553 1987 2086
3 2311 2373 2386
3 2405 2541 2942
3 3292 3386 3389
3 3639 3922 4107
3 4461 4979 5356
3 5844 5977 6500
3 6635 6983 7667
3 7791 8461 8523
3 8791 9604 9636
3 9701 9724 9742
3 173 342 491
3 741 794 2030
3 2410 2508 2676
3 2715 3199 3385
3 3827 4371 4425
3 5005 5177 5327
3 6158 6371 6434
3 7092 7322 7399
3 8164 8374 8491
3 8602 8731 9148
3 9162 9186 9533
3 9557 9632 9644
3 9717 409 621
3 872 1534 1918
3 1992 2825 2883
3 3008 3756 3819
3 3866 4220 4273
3 4369 4810 5187
3 5266 5413 5885
3 6242 6254 6420
3 6647 7340 7627
3 7706 7820 7992
3 8136 8725 8872
3 9342 9773 69
3 148 195 821
3 917 984 1045
3 1063 1206 1329
3 1415 1439 1554
3 1705 1897 1969
3 2747 2934 3225
3 3267 3794 3799
3 3935 4323 4435
3 4651 4978 5073
3 5210 5399 5643
3 5957 6678 7069
3 7228 7636 7712
3 7832 8857 9282
3 9609 9977 312
3 435 437 483
3 508 605 652
3 901 1610 1731
3 2166 2172 2427
3 2503 2803 2873
3 2884 3058 3144
3 3227 3466 3474
3 3620 4032 4103
3 4214 4237 4260
3 4356 4535 4807
3 5045 5167 5265
3 5361 5470 5840
3 5853 5883 5979
3 6174 6234 6480
3 6499 7033 7093
3 7165 7243 7264
3 7276 7393 7408
3 7547 7736 7938
3 8613 8728 8758
3 8879 9159 9327
3 9362 9963 179
3 194 987 1305
3 1654 2330 2425
3 2500 2996 3636
3 4224 4372 4758
3 4822 4860 5340
3 5350 5508 5745
3 6077 6654 6675
3 6841 6901 7097
3 7172 7416 7588
3 7793 7915 8142
3 8395 8507 8535
3 8570 8770 8778
3 8780 9011 9070
3 9775 9787 9822
3 111 118 184
3 192 209 303
3 596 1142 2170
3 2206 2556 2769
3 3082 3476 3530
3 3879 3984 4577
3 4732 4890 4891
3 4972 6187 6853
3 7059 7427 7639
3 7789 8117 8144
3 8311 8786 8877
3 9380 9415 9749
3 478 482 729
3 1614 1728 1831
3 2520 3044 3189
3 3777 4175 4285
3 4376 5067 5107
3 5279 5557 6128
3 6141 7086 7098
3 7561 7578 7856
3 7883 7942 8038
3 8114 8224 8361
3 8405 8417 8961
3 8975 9218 9264
3 9421 9571 9931
3 121 230 274
3 908 1485 1517
3 1695 1972 2485
3 2512 2771 2808
3 2812 2974 3493
3 3716 3717 3727
3 4523 4724 4952
3 5696 5747 5906
3 5983 5993 6156
3 6308 6411 6614
3 6902 7075 7590
3 7741 8061 8135
3 8244 8272 9436
3 9556 156 781
3 1350 1496 1625
3 2039 2098 3685
3 4232 4470 4699
3 4899 5483 5504
3 6177 6559 6682
3 6720 6833 6937
3 7045 7077 7187
3 7483 7606 7847
3 8002 8009 8075
3 8462 8530 9031
3 9793 61 256
3 311 424 507
3 574 833 1177
3 1226 1283 1749
3 1937 2110 2271
3 2272 2532 2602
3 2827 3635 4063
3 4098 4333 4845
3 5213 5304 5533
3 5617 5727 5870
3 6265 6428 6429
3 6545 6607 7017
3 7730 7864 8011
3 8045 8110 8220
3 8500 8542 8561
3 8698 8797 8880
3 9126 9736 81
3 428 682 795
3 866 1006 1171
3 1326 1501 1513
3 1634 1696 1753
3 1804 1917 1984
3 2231 2298 2447
3 2657 3023 3053
3 3059 3108 3307
3 3690 4297 4427
3 4440 4588 4876
3 4913 4966 4980
3 5023 5158 5260
3 5262 5377 5382
3 5783 5938 6026
3 6971 7068 7248
3 7337 7404 7533
3 7550 8159 8494
3 8556 8635 8868
3 9301 9357 9457
3 9498 9686 406
3 538 803 903
3 959 1166 1622
3 1703 1789 2252
3 3268 3469 3993
3 4262 4305 5008
3 5480 5754 5907
3 6075 6293 6539
3 6551 6998 7022
3 7030 7138 7139
3 7292 7367 7682
3 7711 7830 7833
3 7929 8190 8441
3 8473 8850 8924
3 9007 9296 9521
3 9910 9932 182
3 1275 1307 1762
3 1932 2310 2357
3 2393 2583 2673
3 2900 3205 3266
3 3361 3534 3846
3 4591 4770 5472
3 5585 5632 5910
3 6021 6098 6237
3 6257 6412 6617
3 7067 7453 7514
3 7584 8555 8592
3 8968 9823 603
3 658 668 1149
3 1191 1824 2138
3 2645 3154 3286
3 3416 3705 3854
3 3963 4019 4048
3 4060 4283 4453
3 4793 4830 4843
3 4851 4893 4923
3 5010 5281 5693
3 5900 5926 6393
3 6519 6533 6799
3 6848 6859 7102
3 7129 7281 7523
3 7688 9042 9044
3 9548 9577 9698
3 25 224 275
3 341 452 698
3 921 1190 1612
3 1770 1878 2026
3 2385 2546 2664
3 2899 2928 2961
3 3169 3382 3591
3 3611 3803 3810
3 3994 4236 4571
3 4911 5100 5430
3 5640 6040 6222
3 6454 6643 6961
3 7000 7071 7574
3 7658 7985 8001
3 8085 8541 9189
3 9297 9311 9411
3 9861 9914 27
3 54 238 319
3 468 526 582
3 659 746 886
3 972 1302 1775
3 2153 2280 2656
3 2662 2709 3454
3 3523 3619 3696
3 3719 3990 4009
3 4691 5538 5809
3 5828 5838 6031
3 6119 6185 6195
3 6290 6334 6509
3 6592 6862 6923
3 7782 7852 7890
3 8000 8231 8334
3 8554 9059 9101
3 9146 9204 9229
3 9270 9554 9972
3 180 412 999
3 1134 1316 1667
3 1777 1873 2038
3 2525 2980 3156
3 3413 3754 4209
3 4525 4821 5386
3 5549 5635 6199
3 6283 6391 6491
3 6516 6772 6850
3 7011 7261 7488
3 7504 8034 8109
3 8118 9024 9720
3 9825 9933 379
3 422 573 1087
3 1237 1308 1725
3 1880 2010 2154
3 2758 3383 3645
3 3843 4034 4132
3 4174 4252 4520
3 4556 4581 4705
3 4987 5014 5227
3 5257 5697 5778
3 5859 5949 6163
3 6792 7222 8098
3 8318 8344 8508
3 8546 8757 9150
3 9336 9400 154
3 360 533 583
3 911 986 1290
3 1374 1401 1664
3 1915 1964 2431
3 2706 2733 2858
3 3201 3340 3546
3 3628 3643 3788
3 4062 4438 4976
3 5029 5049 5108
3 5153 5342 5406
3 5466 5527 5539
3 5619 5820 6631
3 7005 7042 7183